Control center:
1
Cities in the core net:
1
12
19
Arcs in the corenet
(1,12)
(1,19)
Arcs in the subnet
(1,15)
(1,25)
(1,28)
(1,31)
(1,40)
(3,23)
(3,33)
(5,3)
(6,9)
(6,11)
(6,38)
(7,20)
(9,13)
(11,26)
(11,34)
(11,36)
(12,16)
(12,27)
(12,37)
(16,30)
(19,8)
(27,5)
(27,18)
(27,21)
(27,22)
(27,24)
(27,39)
(30,6)
(30,7)
(31,10)
(34,29)
(37,17)
(37,35)
(38,2)
(38,14)
(39,4)
(40,32)
(40,41)
Bandwith in the subnet
4
4.4
0.7
7.1
5.9
4.6
0.8
6.5
3.8
8.9
3.9
2.6
1.6
2.5
3.4
1.8
35.4
33.6
6.2
32.4
4.6
7.5
4.1
2.4
1.7
4.5
6.4
22.4
6
3.9
1.3
1.2
3.6
0.7
0.9
2.3
1.9
0.9
