Control center:
18
Cities in the core net:
18
21
22
Arcs in the corenet
18,22
21,18
22,21
Arcs in the subnet
1,15
2,6
2,33
3,37
5,10
5,24
7,9
9,20
10,28
11,2
17,35
18,36
19,1
19,8
20,29
21,11
21,26
21,34
21,39
22,3
22,23
23,27
25,19
26,17
27,32
28,40
28,41
31,25
32,5
33,7
34,38
35,30
36,12
37,4
38,13
38,16
39,14
40,31
Bandwith in the subnet
2.7
6.4
14.6
6.2
20.3
3.5
7.4
4.4
18.8
24.4
2.7
5.2
7.1
1.1
3.6
26.6
7.1
13.4
6.6
9.4
40.3
38.6
9.1
6.1
29.4
15.5
2.3
10.9
26.4
11.4
10.6
1.2
1.9
4.6
3.2
3.9
4.4
13.3
Objective function value
13695.03717
Core net cost
1740
Sub net cost
11955.03717
