Control center:
24
Cities in the core net:
5
24
32
37
Arcs in the corenet
24,5
24,37
32,5
37,32
Arcs in the subnet
1,15
2,33
3,22
3,23
5,10
7,9
9,20
10,28
12,13
17,35
18,34
19,1
19,8
20,29
21,11
22,18
22,36
24,4
25,19
26,2
28,40
28,41
30,6
31,25
32,27
33,7
34,38
35,30
36,12
37,3
37,39
38,16
39,14
39,17
39,21
39,26
40,31
Bandwith in the subnet
4
10.3
20.6
4.6
31.3
6.1
3.9
27.4
1.6
13.4
7.4
8.5
4.6
1.3
1.2
11.5
7.4
2.3
15.1
11
25.8
0.9
5.8
19.5
7
9.5
5.3
9.8
5.6
26.3
36.7
3
0.9
14.6
3.6
13.5
22.7
Objective function value
15895.04888
Core net cost
2730
Sub net cost
13165.04888
