Control center:
18
Cities in the core net:
11
18
21
Arcs in the corenet
11,18
18,21
21,11
Arcs in the subnet
1,15
2,6
2,33
3,37
5,10
5,24
7,9
9,20
10,28
11,2
11,26
11,34
17,35
18,22
18,36
19,1
19,8
20,29
21,39
22,3
22,23
23,27
25,19
26,17
27,32
28,40
28,41
31,25
32,5
33,7
34,12
34,38
35,30
38,13
38,16
39,4
39,14
40,31
Bandwith in the subnet
2.8
6.4
18.8
3.9
23.6
2.5
11.6
7.9
22.3
27.1
11.9
16.7
8.1
50.5
3.4
5.1
3.9
3.7
6.5
5.2
41.9
37.5
13.4
8.8
29.8
19.2
1
14.8
26.8
15
2.8
13.1
4
4.3
4.5
1.9
2.4
16.7
Objective function value
15077.91373
Core net cost
2840
Sub net cost
12237.91373
