Control center:
37
Cities in the core net:
3
37
39
Arcs in the corenet
37,3
37,39
39,3
Arcs in the subnet
1,15
2,33
3,22
3,23
3,27
5,10
7,9
9,20
10,28
17,35
18,36
19,1
19,8
20,29
21,11
21,18
21,34
25,19
26,2
28,40
28,41
30,6
31,25
32,5
33,7
34,12
34,38
35,30
37,4
37,24
37,32
38,13
38,16
39,14
39,17
39,21
39,26
40,31
Bandwith in the subnet
4
10.3
1.7
4.6
7
31.3
6.1
3.9
27.4
13.4
1.8
8.5
4.6
1.3
1.2
5.9
13
15.1
11
25.8
0.9
5.8
19.5
32.3
9.5
4
6.9
9.8
2.3
4.5
34.2
1.6
3
0.9
14.6
22.5
13.5
22.7
Objective function value
15476.1224
Core net cost
2190
Sub net cost
13286.1224
