
Control center:
27
Cities in the core net:
3
22
23
27
32
Arcs in the corenet
22,3
23,22
27,23
27,32
32,3
Arcs in the subnet
1,15
2,6
2,33
3,37
3,39
5,10
5,24
7,9
10,28
11,2
12,13
16,20
16,29
17,35
18,11
18,21
18,34
19,1
19,8
21,26
22,18
22,36
24,4
25,19
26,17
28,40
28,41
31,25
32,5
33,7
34,38
35,30
36,12
38,16
39,14
40,31
Bandwith in the subnet
4
5.8
6.4
1.4
5
31.3
6.8
2.2
27.4
12.9
1.6
2.6
1.3
7.6
14.1
13.7
11.3
8.5
4.6
11.3
43.2
7.4
2.3
15.1
8.8
25.8
0.9
19.5
39.1
5.6
9.2
4
5.6
6.9
0.9
22.7
Objective function value
16022.90228
Core net cost
4240
Sub net cost
11782.90228
