Control center:
23
Cities in the core net:
18
21
23
27
32
37
39
Arcs in the corenet
18,21
21,39
23,18
23,27
27,32
32,37
39,37
Arcs in the subnet
1,15
2,6
2,33
5,10
5,24
7,9
9,20
10,28
11,2
17,35
18,22
18,36
19,1
19,8
20,29
21,11
21,26
21,34
24,4
25,19
26,17
28,40
28,41
31,25
32,5
33,7
34,38
35,30
36,12
37,3
38,13
38,16
39,14
40,31
Bandwith in the subnet
4
5.8
10.3
31.3
6.8
6.1
3.9
27.4
16.8
7.6
1.7
5.8
8.5
4.6
1.3
18
11.3
9
2.3
15.1
8.8
25.8
0.9
19.5
39.1
9.5
6.9
4
4
1.1
1.6
3
0.9
22.7
Objective function value
16612.36893
Core net cost
5720
Sub net cost
10892.36893
