Control center:
1
Cities in the core net:
1
18
19
21
22
Arcs in the corenet
1,19
18,22
21,18
22,21
Arcs in the subnet
1,15
2,6
2,33
3,37
5,10
5,24
7,9
9,20
10,28
11,2
17,35
18,36
19,8
19,25
20,29
21,11
21,26
21,34
21,39
22,3
22,23
23,27
25,31
26,17
27,32
28,41
31,40
32,5
33,7
34,38
35,30
36,12
37,4
38,13
38,16
39,14
Bandwith in the subnet
4
5.8
10.3
3.7
5.5
4.5
6.1
3.9
1.6
16.8
7.6
5.8
4.6
10.7
1.3
18
11.3
9
5
4.8
24.5
19.9
6.3
8.8
12.9
0.9
3.1
11
9.5
6.9
4
4
2.3
1.6
3
0.9
Objective function value
9750.917434
Core net cost
2060
Sub net cost
7690.917434
