Control center:
41
Cities in the core net:
24
28
37
41
Arcs in the corenet
24,37
37,28
41,24
41,28
Arcs in the subnet
1,15
2,33
3,22
3,23
5,32
7,9
9,20
12,13
17,35
18,34
19,1
19,8
20,29
21,11
22,18
22,36
24,4
24,5
25,19
26,2
28,10
28,40
30,6
31,25
33,7
34,38
35,30
36,12
37,3
37,27
37,39
38,16
39,14
39,17
39,21
39,26
40,31
Bandwith in the subnet
4
10.3
20.6
4.6
1.9
6.1
3.9
1.6
13.4
7.4
8.5
4.6
1.3
1.2
11.5
7.4
2.3
2.9
15.1
11
3.9
25.8
5.8
19.5
9.5
5.3
9.8
5.6
26.3
7
36.7
3
0.9
14.6
3.6
13.5
22.7
Objective function value
20400.91037
Core net cost
8970
Sub net cost
11430.91037
