Control center:
41
Cities in the core net:
5
28
41
Arcs in the corenet
5,28
41,5
41,28
Arcs in the subnet
1,15
2,33
5,24
5,32
7,9
12,13
16,20
16,29
17,35
18,11
18,34
19,1
19,8
22,18
22,36
23,22
24,4
25,19
26,2
27,23
28,10
28,40
30,6
31,25
32,27
32,37
33,7
34,38
35,30
36,12
37,3
37,39
38,16
39,14
39,17
39,21
39,26
40,31
Bandwith in the subnet
4
6.4
6.8
73.3
2.2
1.6
2.6
1.3
13.4
1.2
11.3
8.5
4.6
16.6
7.4
25.7
2.3
15.1
7.1
30.3
3.9
25.8
5.8
19.5
37.3
34.1
5.6
9.2
9.8
5.6
1.1
31.6
6.9
0.9
14.6
2.4
9.6
22.7
Objective function value
20515.15948
Core net cost
6840
Sub net cost
13675.15948
