Control center:
23
Cities in the core net:
5
11
18
21
22
23
24
39
Arcs in the corenet
5,24
11,21
18,11
22,18
23,5
23,22
24,39
39,21
Arcs in the subnet
1,15
2,6
2,33
5,10
5,32
7,9
9,20
10,28
11,2
11,26
11,34
17,35
18,36
19,1
19,8
20,29
23,27
24,4
25,19
26,17
28,40
28,41
31,25
33,7
34,12
34,38
35,30
38,13
38,16
39,3
39,14
39,37
40,31
Bandwith in the subnet
4
5.8
10.3
31.3
1.9
6.1
3.9
27.4
16.8
11.3
13
7.6
1.8
8.5
4.6
1.3
7
2.3
15.1
8.8
25.8
0.9
19.5
9.5
4
6.9
4
1.6
3
1.1
0.9
1.4
22.7
Objective function value
17696.95437
Core net cost
8390
Sub net cost
9306.954366
