Control center:
5
Cities in the core net:
5
26
37
39
Arcs in the corenet
5,37
37,39
39,26
Arcs in the subnet
1,15
2,33
3,23
5,10
5,24
5,32
7,9
9,20
10,28
11,34
17,35
18,36
19,8
20,29
21,18
24,4
25,1
25,19
26,2
26,11
26,17
28,40
28,41
30,6
31,25
33,7
34,12
34,38
35,30
37,3
37,27
38,13
38,16
39,14
39,21
39,22
40,31
Bandwith in the subnet
4
10.3
4.6
31.3
6.8
1.9
6.1
3.9
27.4
13
13.4
1.8
4.6
1.3
5.9
2.3
8.5
6.6
11
14.2
14.6
25.8
0.9
5.8
19.5
9.5
4
6.9
9.8
5.7
7
1.6
3
0.9
8.3
1.7
22.7
Objective function value
13514.82589
Core net cost
3410
Sub net cost
10104.82589
