Control center:
1
Cities in the core net:
1
3
18
19
21
22
23
39
Arcs in the corenet
1,19
3,39
18,22
21,18
22,23
23,3
39,21
Arcs in the subnet
1,15
2,6
2,33
3,37
5,10
7,9
10,28
11,2
16,20
16,29
17,35
18,36
19,8
19,25
21,11
21,26
21,34
23,27
25,31
26,17
28,41
31,40
32,5
33,7
34,38
35,30
36,12
37,4
37,24
37,32
38,13
38,16
39,14
Bandwith in the subnet
4
5.8
6.4
16.6
5.5
2.2
1.6
12.9
2.6
1.3
7.6
5.8
4.6
10.7
14.1
11.3
12.9
7
6.3
8.8
0.9
3.1
6.5
5.6
10.8
4
4
2.3
4.5
8.4
1.6
6.9
0.9
Objective function value
11256.76275
Core net cost
4430
Sub net cost
6826.762749
