Control center:
24
Cities in the core net:
24
26
39
Arcs in the corenet
24,39
39,26
Arcs in the subnet
1,15
2,33
5,10
5,32
7,9
9,20
10,28
11,34
17,35
18,36
19,1
19,8
20,29
21,18
24,4
24,5
25,19
26,2
26,11
26,17
28,40
28,41
30,6
31,25
32,27
33,7
34,12
34,38
35,30
38,13
38,16
39,3
39,14
39,21
39,22
39,23
39,37
40,31
Bandwith in the subnet
4
10.3
31.3
8.9
6.1
3.9
27.4
13
13.4
1.8
8.5
4.6
1.3
5.9
2.3
41.2
15.1
11
14.2
14.6
25.8
0.9
5.8
19.5
7
9.5
4
6.9
9.8
1.6
3
1.1
0.9
8.3
1.7
4.6
1.4
22.7
Objective function value
13461.22618
Core net cost
3110
Sub net cost
10351.22618
